
sudo mosquitto_pub -t "application/3/device/797b87eb82453254/tx" -m "{\"confirmed\": true, \"fPort\": 2, \"data\": \"NnEQ\" }" 


payload = 367110 hex
payload hex -> base64 = NnEQ



length = 114
43 67 77 83 71 72 69 88 58 32 83 116 97 114 116 13 10 43 67 77 83 71 72 69 88 58 32 87 97 105 116 32 65 67 75 13 10 43 67 77 83 71 72 69 88 58 32 65 67 75 32 82 101 99 101 105 118 101 100 13 10 43 67 77 83 71 72 69 88 58 32 82 88 87 73 78 49 44 32 82 83 83 73 32 45 55 54 44 32 83 78 82 32 54 46 56 13 10 43 67 77 83 71 72 69 88 58 32 68 111 110 101 13 10 

length = 74
43 77 83 71 58 32 80 79 82 84 58 32 50 59 32 82 88 58 32 34 51 54 55 49 49 48 34 13 10 43 77 83 71 58 32 82 88 87 73 78 48 44 32 82 83 83 73 32 45 55 52 44 32 83 78 82 32 54 46 48 13 10 43 77 83 71 58 32 68 111 110 101 13 10 

